58910106171652
54857039944256
45513749651510
70276248703381
80579367515132
44260875744586
28497932763442
7984724801869
35893546298090
70019944686874
5823257688434
9689860847474
37396608805288
36089264701882
59031420435925
47273239159635
19604239710926
2651430852756
93741332987079
995569797406
78257789007420
48634061386841
89453385660047
68223743228560
4214251386281
13707911486488
10376538317411
83029201894877
90113322432602
83788732164335
60246912205456
68537288766188
20522853886011
66274470784636
47914083888160
21656777568120
43748670597878
56286094810606
31430313918336
93785617736022
16760874314620
53855673765697
46835720042758
7198722939988
42978589152764
45073535905367
35261040463726
21663839164037
67424100852521
12785753870808
63089799980318
45361047422894
59614386713952
74350385549298
82250942132963
269641989437
73848441738592
87565956148606
90572397873341
68001400820627
9894842051696
88120735497391
31014832967946
27059017290125
48933083946731
54043820566064
52985375619899
76307045665317
48706279857244
88765350547180
88375521981695
47524769383588
13221463272106
87333315893961
382644049813
96705860859094
18804630527889
89661654418847
7804793348388
40551852497768
28276790565005
36482031165502
35867615342702
33857534723078
18393157758188
82667003785925
1564551286226
23934740341931
49761732139800
46407148624575
19978053891361
50227459123731
96880256031398
11354067933452
83904808648001
86334442636663
70249989103236
51706589238827
26093853883768
88325572203071
5090541058013
34701740025715
66018244573852
62230072733966
10485814963057
39383548607065
24621243150067
52001066029719
98051511625741
33713250952890
53733055334923
42445490881200
35939204257987
63829726805261
72583344360235
12716663069837
42429334001568
14482858515600
12362645989039
18404730136194
76062339199822
35624107164838
19005492047478
19532652128358
93078817261827
19307314701865
98198576991931
42948701750239
16560322503857
97464181029403
10455113576787
7677233190578
77386010676126
25584410668020
22059313316945
85299793048514
55858795576821
50134479820786
44751392500559
18151262531596
62560620555331
24060266852707
72717436394120
2803549713409
70650380131606
17626434629943
90316510641101
37233900054234
86641194960600
73247427293749
57900468322633
93227678762074
90625634278702
62229873321279
85407218355321
72647184531641
56226540769522
85363586380486
15654616380486
31889629202364
32151836738246
45010638094121
67497608347104
28124305799005
61743658268635
92492751165559
68080012125472
38289347870553
61969967175520
35523673322589
99878385075833
92262203937648
67655298749717
93026351354979
87907720462922
59963232066289
21273748312012
6624209901653
4941986869901
98139785287056
26859590232217
60113135591086
83191752484990
55960646769360
22055123812325
42772504106716
27183273898322
86474960019213
35201571713311
24596093139446
14394611982119
3538215308603
36213866249118
68361514655980
78640608000957
63026694014013
99711219152562
54284227005017
27409456410276
27456794368011
95956332774274
50072689060107
44690328315415
22370116523165
65694891590205
32392324540813
40888021576786
70138373889862
28746476269576
41629440098178
36644602082157
84335829501789
70578939906230
18624624882830
85602699934947
1926233532988
8897036210391
91940355584647
52868008635590
94398851175261
56958953436387
82655294603502
35328882613153
51478313172302
47682903205971
59067675647568
9247138536794
98377319371957
57924178197299
98115224538096
4482829981145
83032007798012
48821608682407
10593182814979
54433421712768
53403131801457
3615329629171
44410214006008
55408704090175
58177550383523
24683320978987
52346051212171
8815500119478
96438074209564
14360704593771
6229494979896
23513173160004
3961130690428
9250632197786
94855114077430
36212060323062
5799148251511
5908083370591
71343631222148
67979484500008
25090923810527
86313300148411
17604507651878
69878523121632
39075776546908
36032843576517
274033713546
59449311355811
60909819858322
22898028023556
85596381587414
53073335476082
38152327812330
62526914285576
32385305144323
76327685932299
57004685215543
93230585524497
60717108126992
93978578387128
71249281456963
75360633858278
56506314313442
45648524596790
33766247960580
18637699903839
4397819454184
31362195965901
69045891028621
24322984094881
13408105839058
61895788520070
55911212489984
16055259278574
87166059055697
90961898880044
97619423986200
36688721976786
23310653847496
16791750426387
86400826576269
30887456490607
7195939821389
94363929000463
43287095910703
6818914713330
97368591746899
65396663488457
24801702648185
37597264405779
82659438842079
53692854154114
60554275743667
47470505317048
47480154656028
24616230862464
98516186893477
15889526284849
46461207098571
93604316665645
46520790343306
26668809534380
68534176181849
65673863157848
48665873252497
5995453744691
32685326475125
84720779608530
58925914995480
56548012420239
23717828867028
95240148495524
79025032210175
29608129270426
25227840474122
91324345879481
69746897634347
74032786122712
83129293875297
53228463521498
33437288080941
43930526870660
75277126605964
1794240396781
29954971675559
64402904986877
36281077940383
58149728661291
12646482146028
52102026296328
46660914697699
93634395779943
85220433788555
87895128722394
27950193613158
2568484786441
24616212383901
77579344327723
73100927379864
28276796088376
138609893262
52165263547600
12704902916512
15595104638845
872703642901
24753883939952
61399280693959
99844404602107
52282362689589
9009176335910
74508608790512
30492085983619
93254715284826
73741165724496
77095627601702
18827219562600
77971880395392
28174438772765
27367714096003
1594478383922
72304071004547
80447424312735
13682821762130
59465220665471
95954423023962
4485927351439
10997278819306
42328118698163
34375151755359
75571919721846
28818855554389
56834104645310
94279414075671
56666759969671
25744739789203
72515079022638
88299130377655
84716235675590
15714217998984
55046526571024
49513861398174
80485602499124
28424455140060
45836544145791
55818898327317
18139983120161
12986590145406
4437387558456
46741907543610
1598219275787
53917646007452
64380268130852
21353564939301
60049640342325
36594438899909
68678155795215
58869111110842
74530453376595
77725354113944
54133477480788
21188810783799
86100132077752
3635174112109
91122841349416
62862156741230
20862037984673
39855492340688
56999171449348
93918695683573
92756436036213
14795093749294
60024216049746
59546419341012
98435146784487
67010699296191
34049677894902
10370216983703
30532392971971
9613741365723
75993739060795
28048281613324
8974567473383
90176445634217
68125735890240
30272299458685
64406198663455
95960483628682
69006651549290
76588006718509
47801821981270
32479317914854
15677192871149
57811763633037
53135571131708
69081440279494
53514994473846
62456965899239
85066187558059
66659818885810
12556017429632
34518810950264
25976947055213
87683411727301
4953423121067
89436902706400
28637076261928
71937995330169
34799426629589
51952549868505
73897811504345
77189288326366
57894205797786
93243310994611
6167425905607
81547930361520
4058586071970
49625591956266
55002336362737
47927934045617
44667936214503
80420903569356
8487480429337
81563568397983
37724008929782
91276679120332
43547943469457
93778627534248
94172434273389
66124405170613
97689893537572
30148392497969
27711682502863
83936757403759
92286597198665
69125943193281
95638828040499
26847215420002
31437265124128
22952251731434
78527814401788
17898094854598
25475244801146
66835285015723
72328407120932
80613697834281
45069908870896
94888844283402
95773604017200
77871700286980
76811252159649
25326782164062
57538011431039
73435696193383
82044288930198
8865503324659
22244781203862
72517547413667
38297948969910
41027272331440
73415703956937
34574269954114
89631584640994
96968283852547
17277189268646
97638644928084
86130705439587
64556180359258
48334503584495
32078526003292
12717615603863
43202163628427
87075828421444
17165903835460
47110893266041
6420080698120
15968816757077
13035722200819
16225127755016
43884923464774
58560274297594
51036219820590
76629805858902
76758084554587
953643386029
27556326472784
44078602117997
93014280650808
31258646077489
37881556273808
63800481226887
27371481546633
85123225593586
65693826425133
49096577539126
31342055950494
22999997639228
90881526027436
80565537992605
40705065997729
78730182074800
82523363325995
85340918303168
30511432513993
5475103130276
60471071618404
64348946355352
70973470135517
83186689334082
39103683940185
42884089140787
37863282331581
5664174693007
86252369936669
47898605789651
16344343915357
84839622929481
66539304187401
81787638236142
26709881575004
87272233736968
71514659275638
44486005175807
51269175335276
70360897137109
98125019662669
40330008558565
43852581895874
12781566472923
33247313252529
3657724578630
85461817170802
67142305854799
9473329053006
24152024349025
88385602064713
97477422291299
91134286884137
45622974671590
13534516583893
30228408107090
15964642756665
98094352966454
28753686590652
42365535511925
20768307448963
51406274780667
79684384267288
89010220926208
17398157066651
16683935167950
42120253245449
88004692426129
12137569694150
88293328025197
89443276522170
73515428300537
82372607911913
74214847420145
92899837750319
72227855732444
94042274959381
10628479824094
85887336974954
84312828535365
58993057576423
49271751481629
46925549159319
75222432772793
50134777487559
55229696226849
71319677315802
74095497177270
34496638086988
48771671280103
41617649208647
80927646145072
19808356025126
14579615129389
35129422257363
44427482589836
17919780026901
64033147845116
69255088541366
43044897557700
78976992859822
59528186070462
49617302603848
98751405169822
90537943150670
34256975206998
59603752691101
21152331833025
18354352698542
26158744771244
55245197346685
20880544702118
2442809819235
41026958930329
39745967815165
60623170973535
9751219551684
75122958616359
66623772693356
2141955968475
16447491360262
96591852616161
38916702103634
53976434768832
74325573752422
75864086527261
75287633549931
83714618819611
92903421612912
65596649886757
11499435468070
55482472430185
94768628092522
9861718894381
71124358740060
17255688801915
81105720405892
35506258091790
17935794248674
1441415392040
77600731402958
8685880834262
88394337382330
33299299760003
15444839314296
76492818520881
82334246724983
46239259602904
10372321036985
57669841949301
49929800411646
65454761825379
37478052098796
73491213518347
50388642261091
91752285672811
34722956580340
40324844309148
40696542918766
92984605863217
56903472082144
98862540264656
10302008424680
53344141933854
4298666999138
90038859212722
84588299845931
25901366559986
81083280118808
90712074629231
74991812047235
80368571359375
6573603844489
69654848065750
16989494804714
75923602649593
67057163176031
10300257672399
1533877317193
2886861787246
79578450119328
49603543429490
25717915492943
9760156340523
95943328475414
76938824414839
97427833547098
85063549022004
88617356629454
98104971105294
44981439102691
35178116846851
98031240382894
36706270399457
54797706245051
42848750071600
79321802123638
49415730898908
84351925081132
84865521516944
35279216474912
18826721663631
28225739222552
66846723411034
87879434638983
99759071777052
27715781854488
94041249567405
35190609761026
32443223413255
9166969814649
84366118111392
8373389062388
8902113751275
33863454111558
31011527589482
80812629234989
39370832465362
55589361861205
23375071261043
18336316782565
46165630726038
5655868546178
69735180716114
79827421801213
40172854791680
47090881504614
82803933923990
10678651141034
62907732948719
20934906139442
94958590814728
34071065390567
73105449000840
13148920997368
61140245145147
85705624183912
41357426600761
76688637236482
45551039092902
25192310181756
94424100539554
97914062384312
96790788381140
43517529515874
7103810306512
71201988830003
67129110609688
28237347180346
22649458536392
785390118176
52927930622907
39331313080971
40410149035800
41276032329101
78993193369663
11498128288998
84636672132930
55074280576174
46739378937030
51251747661754
85526418491440
53713554258190
69445774712133
43642088900831
67318949205836
43633584165292
99303770822977
82478660063060
29070961871889
49282187165509
99127201077752
94610587966426
59947651013597
84965623694783
91114707531862
87967175337257
7473049363178
444083310044
11706311049422
83664218491008
12280504299155
62661330465265
61230342473674
59859086839811
82820881613083
33432546629195
63065970164182
63651188502379
93140710920689
20668800917321
81988745686295
53157006336247
47500800257164
73595084892146
97312842498666
69072920522573
37217908479281
47365919121932
20894290130593
54484783375414
96844552751648
2331027503419
97709528707006
88453952558652
38911571184601
65158395317509
12849484949719
39917607707147
23859710488809
53300505295285
47706249545840
84720601730880
32316567633757
63842181718569
75775765576494
22031198670709
28101427330959
67831837891884
91259965422313
1012442216582
80815960275154
92130508849033
41438578866432
83789722440710
8737794537015
43463550784414
80572346120993
66260251683607
16237676470211
85505717313457
17625559440166
93225616525673
34326742027569
32441663247941
17835712080618
79499188202976
77745515201166
20973674091441
99123938460992
9197330942818
816730812334
10233959404517
60691557980133
76838115150007
66840975216547
47825425008127
26665085711899
90864555636283
26402147404757
41989675789995
54932228004575
8634812631246
72400163415481
11166540002699
30798814640495
91276692051367
37299836544256
46190595107893
96901154293194
10783219155056
57806291934484
93525474696682
55980528776108
39777155626871
54966348836707
8942544130852
78415518168066
51245397303166
15287371774800
29428811334573
22018844180743
80641161963479
61635431702901
41183093215768
10170578348515
74183963478062
38017097807698
58872206069462
86081992575770
65003911108066
64814559797113
47725114428081
1764987690991
75511407226690
70975986001084
6699822089177
16373894058854
66617624718226
42435546026809
87805791216081
25548687689836
58688968388714
68127373217482
91831001112685
45903787305001
83583564039258
27515467217736
67187432407742
72996584175470
57746404943323
3994768480401
18824113409255
72898776539203
99411999300845
98007807689678
11654959291162
29041383406811
81657593788792
17385798347275
21618039744273
58544329384894
53542441688368
52223699091849
30282329605397
73613771171885
49156481473589
43394032927454
79060303307322
34912512100076
23817603931627
83472248416849
13908691028869
50067410304908
45582078364171
50181955015308
89085318157192
51260345903992
44468222603955
96121237274299
68131301902447
92977905608355
1992782200127
31411080873656
57316679239467
3555723710506
55047360649542
9356347592032
36828131766514
62559180242323
54074805332751
8449994215811
92305553013153
47294883052782
88778048663302
20255425606619
29119068732221
40905970819868
80408530001032
6016494986529
52627376370562
63871082062744
6420834500284
36359358664909
6436648075800
19996329569614
66425916310194
49650121255809
77415956428669
13689016916945
97741837688786
