90837054406142
51340762841840
62100357751415
38537319628873
89367386601936
99700628423319
65528787376514
41332673408498
91766476135795
84974642261366
78751656649494
20109977078000
26230244789774
93455853696837
72529062339355
56450808450073
89648194562173
85516131553508
60646156293312
43013148006081
99381658826494
85067245278884
52057938935556
27681172494264
6161261392305
30586103723086
24239224283603
90773738926972
10703248333357
92224053254384
10597846221489
49455671315784
40735118796413
54737212360348
17802716689407
21014946275389
71733829534284
602893355047
55921684409063
5184184259657
4714991944222
38242042186947
28025058024795
10354322098607
62126585913743
23490595175655
92036478611971
75229850018014
72114951786624
6324365808380
49510079775153
91475852935101
70307112500095
25568075379701
52422378861150
7242070152261
91397044255148
6119487222389
1783828782952
53113315136951
69098238938890
8007265888913
80981129551864
37004803142437
62061074980731
37081582244322
10443951779911
82188263751483
8991216605400
44316484762627
20217926020997
64096864613835
89375556210097
23794635834156
7595816186322
46884491256866
13098657386805
93604950512420
25680055769004
16835814372357
87621635611561
59968135550795
31284208044417
21670798703024
89793791792542
14203113737337
21641081437640
48823416794953
43561757911250
41690996798728
91184011025058
82536606943602
81991460740068
85918185320312
94150734655391
22993410601704
8644064677579
66810608406380
81286657356960
99954731673476
67749865271601
72624811660068
25349464513253
76144580749039
15186138034591
27952859855712
57279851199666
30332829130817
22978253845898
86185799705269
21688249679097
39798547737989
12407186152834
84730869632997
31518748988245
20616463869251
3647816407780
96190182219091
45950776323635
14374085037260
80627530701809
56997447407575
13408848062753
35245527426964
88753679814542
10200771583869
55645699331149
7310785488780
68752699313637
54198707441882
96929083806382
41195548585192
41941925017187
17384515595413
18585805363594
63399340490872
26169870714755
95528322829533
14077736814002
4688084529527
25946020436207
57594086426824
42137194894367
96937076620779
3737434224730
12061763008825
64326705007551
9869327983939
82203338208505
36287650754807
64307294071349
12192362268567
81724733914856
60567712105707
78895796660886
74464626247004
1939128631490
29753332797896
94304297235015
78396701666252
60152417468615
54794835522825
29743971162462
46690366906774
82223065168564
74649034397612
12581589515924
25066107145722
71015239143772
9883826255619
16312417761421
66776727082698
88339714740515
48729142583516
58060434755575
77873449285998
54917297615643
6391721456809
8826850216568
29994740828839
38572228319140
54418365942856
83135235507601
10102315110674
33776024250528
88779093441151
8164219435686
80663839265503
24760290992930
18138787708974
48082189357532
25952541252477
61417553147857
17952875647734
18492700891814
23884743339852
58310061514546
99779309683878
2932518205322
47682995336080
99152296678278
31286950109764
98907966343879
20794718664072
70352943324646
32793226768592
53283742855248
70958311417337
7971691321065
78410197422473
87132771212763
72309159281848
95137768604350
52207153352067
26899279296954
80422080265968
58970713396000
33485291620178
99236935469000
24754397279737
53477475782599
5068681962151
52508611725010
64690370665909
53411599360726
91176399973542
48469510582023
15177586309823
97764036842206
22294355518586
66117947908557
10964045277381
44672963553887
57974609977215
95505802040955
67173210948481
4402151087666
92504134236639
66636573271745
57725370230068
72051672609641
33523654684273
39883537957932
13698189560134
56749600629904
45536405819653
25530598545303
62978085579060
29487251635418
57749516198048
79994430018571
27693568416693
58581622163126
37697626261508
97972255714640
74580878842002
35860244089349
96257404550997
27965953029662
53666311991503
98598079422179
68406040004247
6954514989397
46502857353246
93701241337602
60747569747998
90639515919659
28786746951992
30357621465671
65563297410675
58851163821366
95030412066385
26109810697776
28974778983151
29201333752699
96052680147982
63854058350899
34141514903887
26513392108345
52503121725350
50460148274147
59320337431860
27749958720061
42056283872426
16794139054411
5537575632165
22695689309303
39425527808631
86146240911531
2643232372995
3387147317167
35164647442374
87768143250726
98348602398764
44264311245362
52268946762378
46953420263053
44247407222865
78808127191004
26733828101393
61099141361748
63125619315609
12523973169665
5727482905586
84834512023800
48048622885860
25354364203310
26834975339404
62276290665054
10391042723680
78962330196797
41382270539190
1273249864489
78077399792847
81684760702446
89964391567056
48563281920863
20825162056102
35433898061060
99503052143486
36953285483736
63001008224311
10073040270938
24308521818373
51077140875643
65295644987410
70598160835642
98331458297836
53585927899098
96030023417147
89800945008640
25991699009312
42287690336756
54530841181969
34979160896421
3684653393120
50668925699525
73441203914302
79979153925111
42994077219619
72789953540365
68939105137143
78228616848639
43970797094577
75359033871571
44493008382983
75232480300952
51174022642667
46249092677857
88848605993257
14428814836444
16971776587381
40382678272680
67105514013018
36328383133735
41736734628158
15976924224402
74347010341144
75784775499390
95722513945194
67544981066743
58781919070735
31961148339528
49752300865137
38443333956339
92173570206809
24871969014527
8250325593488
96130730637203
99220337222668
69230698357271
35296330109541
91100790190510
80438513771609
20290528821762
67573916548513
39123181584852
89023826333335
28777927360358
27057267617247
69203867461259
80066121956325
98522026103618
84530055720095
80855100752169
80025517969349
87997496397606
2982098865307
14398586209502
67450975073257
34140678846155
83864341415968
45831968276002
99557044338390
69955786287124
86022132661261
17131062854386
64345600838142
38524703706442
3420920802323
4694858782976
21101986811764
10234362548821
32711473872230
49514895249930
12543572758322
7606312453969
58644386846856
17115384056785
86055063333751
58328309097251
66941099828541
73077677005049
15429871333042
99905603368735
12457272347981
37166366469706
62537796639125
86248071621611
59181203453420
36461678177034
86006547410795
78687095551935
27619931270289
84835537509177
81386282252338
66674499073523
89391277112337
96073323580934
12980012309131
28358806054158
51527969764362
70721037992320
28819082891213
80499585398160
31161560786374
18910553359187
82027063023639
1676687711692
80511875162913
99877973826516
63086794539365
52031261401713
46009604473058
69888394302819
26857394126217
8526200312979
74033166494004
53527553408585
61071999790238
20379195599860
60708032975907
87659632629668
73265761682623
61330663486084
56072048644442
14057924864698
68178370213601
93017769690113
10847379065703
72294258871103
99398990615490
83161107943263
74227438390051
75090579876097
19626069272367
58052457880956
41556731500456
54981223660178
16333631698822
19210206690205
11469504781983
92231358179412
62299722628067
29319804099772
97353833797524
50235124349149
43236643056056
29061593369539
47983138706070
95466144078869
11599889569463
78989588884218
74047418853093
87624197324984
86939956720863
55012895615390
68342663946146
42405293009907
44446699923784
26857696737988
22387936630663
97840822988176
95531692007098
74775227184464
86611455806055
98983072977339
15111496145738
67681859018500
50530479009433
86237002873361
37004587466318
5356688179763
11089237964937
44822705120203
51290363993912
1347179743516
68315905005680
80328565122215
92918116962117
37539090162623
85286653727424
3400238694213
89043153153106
43265108035939
45739309712838
37248948881717
79962624859256
60995653872187
82846083287493
64153668368133
69377328657821
25307855206107
91223675897243
64140030722038
43645408822038
23398464594803
50163821371566
39548551790826
55265383908595
35257807047020
52210874061023
25105916700961
61322077135307
51160990273270
19824624097269
41423722928129
889836574391
24281226482690
73348759255971
60251017407226
42382153442416
3689418307242
82498379079813
54813547293004
35799364337906
21991996462365
28476163073095
48095621161886
75390321037493
5584608208954
56804644318453
31280374459804
74128000378554
41454979146170
49997798508579
40795050518789
29494707273320
5919957659559
64048612517278
31783304831660
76963422306225
45009479222063
70381115847116
20122056793448
61616554833057
22123438627913
58671336833924
87191934775808
8747976026207
1969569675780
46656424187029
76391119786361
90372904886898
38788106526306
25085175260911
79164092633589
49224838738532
35644088997837
79700283747734
18051786891493
62722167058217
98154619416932
837162009662
74164386450886
48211430934107
97603765486821
3892834726211
87032733296639
10805031571200
27302598876295
80409375208662
93258746085279
26250846700597
58532106424325
36626259567178
83816143981069
20051406531323
40507069883597
70249184941998
3704663647415
63431862541233
44652598614946
79808702979841
32365810831205
75634055082141
5929402314200
25815215303563
55024416234960
40731336442132
11977523544175
69345540528047
70656758634130
66280793908071
10270778546641
97957145975626
56907492347135
54109690522065
92565038451175
29424778081918
44628876340504
18777155018212
73261467434522
32039062389809
2486908141889
28990887557184
38080715010291
35709041961229
26802979908042
95996916150150
2027182836408
81945036891695
26307617669280
91783205350346
77517710988899
42663396672885
69938407110713
77003233168020
69591294513785
93569140801132
62986537953836
13932447327610
20234283499057
40963527892555
63861276454780
47021474600573
13584751022458
25004520765984
33778011726652
95110292599839
99377148431942
90903513274101
50546862792902
89202399064422
83258024965531
98599030881434
90853421528475
58327233518514
71500370905450
86266661888893
56512227235200
94783018060844
74692045225518
53499776092495
89982828638357
75577850049146
80632412466533
67016078217206
21991451541366
26074245397442
29312456971771
584778688173
40501503046645
43100863553079
31252303554439
47187632144413
77026958634857
69731821270927
4602490363349
24943921655258
82438022681012
52673253233299
60901607581809
71425966484056
88508103332153
98756732774053
60227738695591
15489291972488
72424407898776
96412627504315
12170648333341
4003916406345
73383317190757
58101759614674
62792017196940
22247853464185
97272981059209
76018548535235
63921889196940
76628012804783
75308462433649
18186111228517
35972422910835
64964923721929
18337578171742
52006695350280
28772814565689
76211503660953
31748425437634
72222070862632
86133696763870
44824878736475
36426788009817
57156825027182
93418623670182
2971568238803
32194404179327
91575643981916
94617994854398
48895439456005
58763036128001
85045302396830
9650516650681
51989064997832
56897215195998
61572461944495
87638846719883
69920247179085
41031549043209
55428825917643
31385950631757
9733502496847
21047150649572
27938958203252
34671829095462
51912807257900
56388198823125
99981716673671
60820617857559
27956435889335
58940247095869
1529082014964
7695025180886
73342130395152
34959880602708
6308094994414
94949860147786
83227877526171
54946920225348
92371319243516
68135772668027
32798027594269
60043901714895
87754902077612
49431270543594
89154980083915
38297122599092
79893544387525
99131318989430
64699682521438
28909376052853
49263142661985
18910326171788
28795825369478
52140269428559
20107173215383
73927393674350
34926644654079
69368344320072
28726044140801
61800863052512
77866977178256
25178513408045
98817592389285
62069694612040
4333980314727
48935117210748
61134122881624
46029144067802
17648947475223
45007100580388
38387999878790
98753619239307
92455387778266
19640428175425
40189141900973
46999946973137
9799389346271
156675656694
48346237380510
90063939969930
94770678122715
99587229719836
279940795011
78003220914516
78030199189229
9361463607217
12221220080570
97560003064707
12778070733852
96078750009492
86003305672832
79149127248447
21529921552758
51989183745901
56000487896475
9004072472387
50312286952548
79073627197225
68293742263200
49646608228655
22596222798528
6140986025563
13533760263474
41302517850945
11660109628307
88870629493478
41945318506767
8107523620754
17128765067715
8645369416354
74993900458840
55811401304461
64554321604954
18251988929823
30516309929804
26844450649483
22894507919961
55065480470730
21265715234991
94184077939229
59330557020285
83187065482012
80251815413683
20103061607240
70735569055461
92674471365702
14202057693197
72579600110438
66795402181800
16644946812139
82696736817763
75920186974688
6370720763446
67122611414860
43026693059106
48097275117966
38801832127139
86570882935376
47009683582713
62922028298666
92392689627741
25235689568387
71544438426988
25699252638277
27640871053350
58585678207710
82120869460649
75903999350800
84147440641139
69552513977911
12967042003471
85384910413202
91124895955836
4628832751851
49186752106133
79916158692100
57129185847504
32994352562617
90769658970466
94516316874761
62170364212391
58958807681188
94343179567074
92217609493225
75009220080617
73334053381708
19179027643763
98626520139718
32038213011976
82752047276906
12187802978851
64746069581306
75830581895074
31449108423126
97169150742475
46745968624613
88692979810980
85239536398678
84656451067196
24128027385683
9358177506586
34961353714083
95286618639999
58201682826843
87369761337245
34681294762804
5873055459056
92117587989750
25847858262017
34056644360993
99029344143596
76227915903720
76942656089653
54154497105752
33077797851476
46479086442931
38615852351647
5788015989494
10424433271570
82729716073606
54424806538585
41616763687992
88339902157146
68729475657206
10472627155303
79316623606427
42822606652577
88402745139763
42820053877139
3080920559831
15461772430098
13036737159087
47939430353805
39690728321395
13942813845154
16667504200100
48173363440459
61599039106745
28888514790605
82634755336887
50539564772285
51561306877303
27109388071842
93113476359680
56240026115808
77491852500834
79782773647997
1568549059458
22919102804289
21545919400175
56969612437787
29757898790562
7943435662488
74024982602475
48442709962948
14056993763890
32004310085996
16125737282556
83217628474688
41664671356696
7923577226112
97398983028433
57669502982964
3846275876966
7149700260666
88236625468505
2935918169597
15727509362434
28572469959463
82593805985506
8751791033511
38148362133473
56109625547935
78349926747489
49167092691147
53823273560868
30335998264683
8991825526112
29233129399737
53732902391564
30327276144471
68800583012592
28142484439368
26435436822005
32102153549038
64184260945597
15530329520205
15265078451013
19872604757199
84612070423754
52037954259396
39794987412145
53218931339914
33847705070810
65203715370175
84213092644429
90584544122633
10999743186320
58678483274137
4067752694203
75472095607567
28919957426354
74722585516799
15989454253329
52011155850375
19439040072089
18999947033345
45435803361463
33469814996885
69476291518475
38949388321525
41449958579904
48516013486143
2041156326181
59570854356014
59321931995767
39365687878438
976847060856
66621561371946
32692190546901
38297566098681
40499008647657
94508612540030
60172468861820
24809409237671
59396193729903
21250242691151
1211247814147
68026537153835
26619801850405
82814576585275
4827591592497
33264192128925
95334824233394
74254026327698
46935105532032
85891948720628
3123580486902
16983218152027
35475528649006
11928909490799
46084964774776
23545928117568
66616472765514
42945702743914
69737890668801
8461128473909
71634142979745
44647431667670
63744727545292
77829982709424
87849657917367
8673469402891
59893040202895
26854201119737
79328467553198
89909721429748
67419774854092
28928431603653
7142727355682
43879591361813
72468394591632
81495353883559
12420166373794
52280172648892
81489440559696
40018623775285
896174877880
62621632593997
83064151028894
89449392132970
32380339016144
32083917825820
90911101327508
92603999410949
11126319860714
50296479786619
77428189805719
92521571550480
14410711461813
72649582941804
32403140006219
54130207891448
27559037174288
62092403899817
65825606241772
99161443426298
67468992678458
29197483642991
12611009581615
36355484288189
93609629051916
99880732577804
93794918844776
63164632385294
61515898969544
64730714921006
23258999197770
95822271368888
15991737360860
23693773936930
32030774779770
63657265031744
71298617396178
26178747305560
36963074519930
45108685667811
80866299550659
24684273638659
18425199928059
57802760646386
7876171042046
93166150917568
2404106157215
50867924501512
30781294424116
6339064481601
7739156522779
98030159545465
53253348648326
45364358221833
46047819166904
45954179545847
78974694814635
84210805088095
99287837725563
4660701578483
56275399777722
79459566802371
55807038271437
57798043962507
92747993295551
28133030171575
317367479189
86230343440574
54389521715481
89851921006410
24980252702363
11855586405009
73343545358892
68006083064030
55754902454369
92949978572714
63129863375037
52895515195220
46389279865431
39885639798871
1396626168156
32984128384253
46413315974003
84154342835887
38556336058927
63902092794082
91022253776974
83239034163878
95653991814237
52467626901451
45353426514225
77022471688950
29639459714768
53439067433722
95799630340074
4743043740271
40662966051946
12840690744192
51219902933567
64995769622272
81935848052120
78025343084417
90783033180726
54656568536040
62616302566967
92885130894664
38851884779906
40880311373642
59334231158277
89983987658503
92295236634662
7652826976059
76253171306172
40201697774390
87463413095074
84142135979098
57699680978520
63418850680528
85689632115860
56123066781532
79733222038505
22869206230292
56950810229737
72538175505992
63471661522673
89855861698387
3648645278117
5222905677021
96002238896072
86780262548699
73193794213520
77470243024359
71621821652431
90529184581841
91030484811246
683686047652
47316660146501
28031523446918
86706514915197
66992327197690
94351189053816
9925250286379
74423210141056
20130145532070
65513774357783
94412952309148
70589971303608
20030429752092
25320626005032
96817140007095
19670888658041
22143451116780
87553529619030
61896412880855
98552157886430
55437374704567
10746880732542
84781315025522
76636825094812
13964559137842
45750303482187
84712752398020
98284103994067
54358568819389
9136827442506
26534216695023
62032267748177
89963021480608
87093281064882
76437205207662
25925855278878
89460145894219
62937033549598
46176470494515
57562357516647
20673520996797
44459832994740
92913395031707
52105541699085
8339162575089
59074182574034
8092944221340
50081256606221
86508536515011
99858579062814
51633362493469
7329509313491
38390877527377
49673678231692
17384027767033
73996653866840
12380597435846
56492857412760
79125354905793
94856132347964
26158874437404
77041475025380
73571999138797
48328223940753
33223853503752
84069281635468
62722008428523
7748996179247
94256768151851
57276514156571
22883227213870
61761382117273
28382381322996
60988247406692
72500681488529
46793173912219
94130085297607
72498723125840
63380684991012
37009718037223
50107703986008
5964466539731
91403463111462
2552311874777
31352613297952
60154633044187
27785488033604
10428604422709
32228150615295
41771246507551
37681202172950
35991440360800
73063552001198
47414587186480
70572544534024
77481662470970
20296801312712
20638262166399
89718351146300
66782269928888
14809593537188
98302868557763
77250999491273
29675819634240
35467525557927
6219995725235
20317422723789
71955761326494
65914597683842
39230071616212
32747509709215
87946458026034
37968906962908
172940923351
69886988190355
61130813972431
33672366570828
73425052195838
17933774142679
24616180009142
20479595102173
54040486371377
19597083356001
80894540265523
46025736967765
71678079856212
15754255564015
47065546457930
88800451515466
31898999842456
67299184525201
35454235344729
67085389447030
30389793340564
99145255491987
65287528036914
19102010201569
19969741764309
57792390073878
24193094539492
70701997749777
59368639313055
73410888059353
87511743743463
22296051960265
30299554898988
32172470510286
6197490981063
40062071892373
72396431799572
70797910284938
593352607667
21185810854970
10048696771975
14461337261349
63620485914781
73519631422658
72502573822450
30390926272358
63467631627597
35522922720593
47545414805552
48555549278264
20214104813512
89892744503995
95961659979563
49521853675631
52484616999618
72689269741364
84976251453803
82250912950144
3586318325455
59124146760392
28355947554182
28170046440223
3403942958737
55872400691718
1866564028481
33005568980218
44790446854042
20314646593601
92728405300465
5206568353310
21891195059369
92167022199919
56696954670960
83921860822353
5155656871886
97770904125011
2363139861192
30150518850266
6497481104457
20039016225898
63602127021070
51943848386215
22597804967885
98040456965870
25078142347941
75914827953147
19647708704344
2805985245574
67596433308778
20866721943437
4441320543277
18343360440311
8963074555481
53975751436317
90130861801421
2982473617879
89884785594238
82704008966109
80226303144600
53313905520076
33690102297758
59207613385529
38897820869052
53500460105070
89377614341821
81347862904249
88983616280728
83379441436582
34465629789435
17628963257152
60157888048474
40667862006629
33797309953598
29757030830992
93963440155117
86654944365170
88681581317257
18509089209246
95383385940489
3906153961828
49833861798178
77270388458492
15796644194224
34993357229220
57512144218418
186836982943
36503706005413
17626483831209
77550076456001
45643836028889
14149846130655
60998015710327
209868394927
42520296641289
98197856063378
12397298242902
78387396031520
96889695663066
54402755467587
88005066196704
78899591152090
74343627790659
74077640489483
89571872081740
62492787544978
46854833454365
65894899289398
33010138338895
11339007634131
78004597449241
36864545282100
94532726566975
97614595304762
21236928465459
86286753966879
98892046851797
33073167068901
58169552851333
72649054043490
94896537153238
12793179679983
16868174125412
40997565450389
53478320591
58116223154526
98979021805667
59111002392512
82301421824348
5221384370766
98507126920400
13144664271806
93068341169561
82199793964483
84278433686220
19122372566361
11887498152266
25114724188589
60886583001738
81074440524618
97177678027148
87474587716543
21460981000640
96968118004373
41381894677118
89794141032916
77198411905313
9843956132687
45029072619680
43050548631369
94375363841184
39152720753411
14122348125052
27283251978386
50016687770157
71722823848661
12089591096913
76828907232464
97617328312402
80011578943763
49678945507397
74483432249006
6478530346925
91941739176303
56295510593997
85280818664742
13227679680786
41169742072816
96559343049152
53086441857850
33608648043500
62056795765039
90058225387097
92814684065962
19252494910876
5722929925179
42725129525046
22852224591149
63771534010379
49910014549562
83257877488727
68977928314543
8084448576403
16995824560087
89327014090032
9125336848749
23759009957863
4626875264869
24415500379347
42429131593310
46837606254508
51770742004475
72358190445352
6883999086473
40511607275187
99609069560371
67868703263091
50369111414415
49989575627674
71125511630201
38577267096681
988859781489
55472438930098
76335128540441
60272263655531
67258101950632
62141668637854
76227197996552
24484598186599
64231460701291
85859036780299
48860883638830
5618164708688
80986129227310
44812570215913
56204100508180
9289991339128
55408554563570
8873887635904
20616322307089
10471832282514
43381063496651
8858727535461
13964843515976
95786234757905
19539204097054
12531975463916
97446568405128
25778034888362
24212648939717
48220897142324
89942692099144
69641413408790
68295183107379
96935576926135
25991525620915
87565250794436
93736573110058
65571366132627
33463103662884
39880258460155
68314252849564
38651556796131
71634037615397
48651580668860
99243668307679
33487837918214
8920023925382
59240692093551
7347048630291
70860796018968
25976667800338
39520988038932
70519538045789
87271803757110
73866841009786
81275982290243
71112166051944
39407781836398
4754390098415
97590950891147
32133865737854
56806983822722
12359276381878
56923755314559
98774118436600
32339711225169
91742324866300
65518422976830
7389812762003
1335331851620
65381524648076
33284543154568
87445429943843
50546705419632
36932002792571
51755007767793
26291093651521
59860820543545
51640168963509
64677879441744
3548459875428
74164216655957
31369125864539
25040696406009
51118989624112
19258537205149
51737932994521
99418722531650
86543271453184
16061884931897
99233131102171
67023899964653
71052056251191
74439912328958
51714974557791
70019415724251
98817103435632
71603454697282
69428750444319
44386642824979
64961078261271
84435185836949
83035551062734
9739852977736
839491603810
16588994874855
38738114933282
12446177416276
87679625555759
97744967705476
59077950453919
13639208460139
63917607587711
64032574603894
33438202270774
62980024331871
78282682605954
6566582908637
43895504719624
48505936572416
65426617839571
78622637328864
10315114077407
36820659559421
50426278266131
99873175882989
74541803838458
29219234653327
81241006394690
95275028391149
3187633508781
22599067597605
53925541453072
94055295294169
41299874268169
66455858043340
15591864005887
55202220584593
8471359322739
84414661950378
12575925080573
75038692361242
81946500535533
53766517101390
68510647575625
55554281789566
92920663216286
83441392115853
51384659287176
39902633506219
42293413569326
39337176292541
55561980888950
81863636577948
40926653491236
15057314581594
89134157524972
94474218738348
45294522650754
17369005557072
70272810460060
23937329375252
3445596676275
49988070162893
54163166628895
30576027542334
21350274133993
56941203478686
46698415714695
14088605545491
94918855209531
35618157107105
33368424419537
52909463310186
20296807337506
81014388295310
73781677170835
89742678261733
79477588023040
50132352058312
12468705142266
95108098895760
35801641412748
29611538578651
50627809729742
25894015775143
35429324897225
68638328673552
16706020850399
58052419771264
70024139256342
45991599403382
62901620218268
68547082134352
37780205689318
32089481816618
52947993515811
32467556011149
66826714595730
88469681550860
15284550209601
51633700344769
10623522748479
51700000330733
56969433964643
73221047742457
95479520841290
42738417371790
64354125053717
70467150702814
37908054691688
10712900240386
50615745461870
11236271048809
26203024740911
65593137047511
82184638411502
68976096957675
70156234518777
91778804184807
51016468695289
33832581813095
49030932378224
1768023321378
34969532010908
66134136758292
90895999143799
59019107998130
30035631746608
97086196858318
33232208279653
84226803241127
17842696272979
61945845345080
18582719317215
49640420155823
47676414265717
70969450781602
69349746462318
48865017102513
47390602270636
10036252088587
34108876540684
25527457288712
7876140077676
24425382335271
24474400587897
29687221812443
57467445064937
24008071795861
69203830025930
49493889193185
1749115062760
60007413126789
36730187614247
92274537696780
17357537537950
95830851763946
18713390146745
26940117309877
62302803655918
16851341735366
94929804776770
45246569353450
66770142755500
5436023381273
60541037027279
52891748556595
92647896261378
70039000072456
95079735646
58678041250231
28435732968728
99540017667919
10908813635665
87081009272983
73015631672245
43893927046444
76105227775696
21976501479739
9196350585619
90477617686550
40216605600688
85959764071528
32151381403711
70980449966679
62737644687713
71259434564254
13689249537982
81333409842448
26296086521315
83552355856687
84610355767221
28905474004490
29531248532258
58423676510716
88698629790612
99606798786331
20870138039005
56519750980162
33869979109702
74292905545938
62691486648527
17763324154150
21273775903259
3586745412062
35325454454512
75664203852607
4948278562469
95695279968090
77950963568473
17918014066836
46967666357140
63169385198528
92772484223727
48674512641777
22222579808657
75533945239624
66710691421966
92988305560850
49924753513266
15095044809538
65116564171819
83252181956909
62403215252802
60242973154254
43616238071298
62817141407670
81738716769964
45867392955355
33536867135005
77252113224255
60970635883159
69142583775077
34876740799922
46285795911801
48326218427021
1325430312377
91654377513313
79859010901679
21265964001626
17817417184712
33562482466915
7151771156627
98927798317710
23435870305643
23609257421830
84345589979051
50289605293009
3771756123491
8119674847449
72277431129908
82358283579236
98292782794508
16935863184337
57634047413494
30253748888474
80793809258352
54725062763076
57956928719756
47698198246631
58498032780678
9938535606931
66425255709575
99770409673868
58997514278225
40370872283058
79849968471334
39905403915606
87909970399255
33237874259302
42852802641157
90282469957850
89576258270413
32876833930314
37075037435111
29335936333737
81733031869333
90576784832812
38378247780686
56162485970483
62707225004881
14507472213134
18939003287567
80937392985340
99370842932440
59080017042116
91790048601530
62124279824858
71532263634060
25667593110206
63864246483933
34260379637486
17581765370255
77286688069833
69682753390462
38193600609966
65900075000786
50131280834446
4840358738446
61390705163613
87437497375753
63299153274714
75583065308353
93395977882543
54517894060739
15240106150139
51347571040144
8879248295881
7174402911860
56683904998443
80972933145189
42767641213928
4005609699362
10560615082835
29490915342085
2321066380654
88723752389137
45446026294561
88881323196849
32962245792484
31831329277986
40553956238775
55231718014321
21587089243685
87110352204597
40986783339340
69281601045418
43226361021817
92537100483709
78308672421258
75123139669427
78336627527482
43025310305294
44250975968853
96173001976740
55193638516203
4016414679456
22742049743253
78046228804953
68825117292231
79816125576773
39821562661694
25244048061915
65767675957371
39864905523994
72947479536084
11860987349768
32957236682525
24341535129912
87782135228603
4554730371981
26046180012459
60078466836802
