37423722021741
81235621556478
4419640932822
9763643396949
38856160522647
98421559484544
72310476945374
91402095345911
37155899330541
19245183787388
30375635139343
34387197427281
67809726522291
36946077433487
66299619419045
19006381391138
7315965154368
71055297565570
94295085332039
2824561090215
75648080756910
36896423684296
68582111351070
38882873558374
89327005292740
42298558658607
62808461849328
10036992842505
23133309117974
55854209237123
47875443587366
91395889863116
83733415071262
23594991209655
4884888687325
18566808031479
31430479431737
71195324645830
12089403771883
78284794782022
8492981836628
36066889967204
66381554740801
14619031323569
52679535958358
72853605550761
21832109549231
58408548536499
40780296850485
50970724370566
18617778910536
67842835007780
37961346434568
94811858462315
15156465059978
14875282466855
80138864215290
18132019732300
12680545366975
66782885876161
78151033676609
84674083735577
10197755039811
74406328152134
7590225855703
61859017130581
37291079588453
84624412852741
39566576527864
80660745659274
77861622589453
72331849206351
93727721840988
99127169794477
93916149000716
17956388349879
78525349835792
98421390209710
75592546873212
48357850347171
8009475054054
9459279306046
7353932258763
95611420263748
99090832780630
8661858923084
96901890500719
44439746430095
25903641330434
31956546847465
4762921981152
54270745254285
97585336762111
77668554783504
76583239433569
24566123300830
75025965193577
3935411185336
55338272492149
22784597071817
28998298407559
255476049018
90796817849354
34268270351047
18725629138427
27090153203942
94911149323785
18248132905671
63547870258539
91905480598056
8567956544882
12803908160799
64946134231762
72074197379447
56046379322717
5260109084037
492121053641
7029424263564
48190476943609
2391900090148
4590080933939
54988833948825
26713527078119
24077535245324
25863760227531
4452762737614
23845756053489
80229365074885
19311440670623
44129109023752
24226491869968
77423088842938
68424313734040
47330662909837
4340083350277
64977353313253
62664925149193
73118641772006
14103870890476
14614290831900
92527510356554
14088525353382
40009051463848
29189915886038
83072542471847
72826261819454
54871216059748
22561303808609
33754274170124
50913755286621
64921081727874
26403178986091
73074683264158
4733053035865
89214655061137
9415123253013
67874704633062
37993174388399
1320751002291
69201256009420
96195144789103
42653305845314
1556954318236
28685886161347
33647004433239
77089972010307
21779362982690
95905539834835
5056639482699
15582221012028
52064012887009
67488579667270
98632001701409
27193267828958
36722472919809
7126950047688
82737988917906
23722973890950
8624335439769
38493370836959
47784606967947
87578790112504
93007033995535
51683230142241
88288941091227
88409146132482
6131840513685
71334267184502
96881139433167
66574756497986
32935684492489
11883872068137
14718909783413
94652973728670
25477215060712
84998973829352
85904692435924
89460233493516
66970017182674
8086121576221
15800824995365
92915506029085
72901613513081
12562758539078
27200070725737
76382387673945
69270208237901
14353664913210
44352328032555
67198927188261
7129234461344
19915083456643
36412714325284
92197613233565
97629871856754
2950199865837
18994800312918
66257712026877
5705963022144
56722450672518
11513519814941
36366899559298
93768100588646
56224140117045
48457764577223
96767615541552
59729136504558
28625110243065
85627659125572
79598957211427
57327595918482
20911701646393
72091650463006
82599874101751
4171193205654
62818294940148
33547944804737
41236312201651
43580652634836
31914226143142
86367181307259
42075743598213
10884993266438
49901813041505
50893739947190
2854462893750
10141035360681
32555698557556
86648401004598
6462119628453
76796854807643
46661890937013
21230595219843
40728966250533
2642474901235
18649789491111
8527581272616
27238824093717
816426272718
55663619913923
54965931099728
87440043254112
25499643474662
37361633546563
62887306743435
91483190646643
51894259549180
68177310772229
65633408912396
41532618468120
94775544932542
98803707073297
29374488404401
89125974226597
9549836280942
68579795241867
35603910501768
82679570512499
93642176463535
13742863260063
83022372451785
76317662104573
35462220927868
6385493481376
78263302693056
29721938875483
21463734586470
88135582756477
41694637606071
62461807620375
32618400279098
71380055864173
29224100435834
38406731725538
85694655561258
41909909107772
17293661707981
43600388736930
63381603184794
40618101431868
53293394992854
99500135871785
10620367185968
62223778783605
34179332402729
72700791936571
65249163171784
67816738605389
37610809307004
46868293609869
46200059610470
47944799742663
11410347321812
35298189383188
1762549387584
73323158180688
50225955266561
92748148900771
8657327139169
60259237368327
55758226059701
46399866958814
99510128609840
79641122268167
13890168975247
99197702571025
50476465456957
8494139447895
59094589009417
13007932603034
91249295525393
43492035560294
27440602772177
18792429587003
98618149111870
96251000144283
25253290808084
7622262166221
82289394845552
63743649295526
81052305190258
39839174496717
19989185061997
59261981053616
26536611116218
62607983789619
36249538506684
94224179340529
97774919739252
85522286508169
2707160344302
80926551898144
81035877359359
64447965307259
73178689211762
53794811107058
82281911670153
48840210885225
52629095190662
22899042143442
41491462641363
49797452064061
74692953824817
16247418402067
61207397229033
63650047199485
85825456749221
74334099112893
72214569367321
48006463492411
70826942304797
52382506836915
18781849490020
52839934930334
37302365117536
25748762117117
73987670050390
87560102019244
8980536233265
46607081756917
79917801431676
48678387229050
96355130267762
19393013707761
51667566329310
72043287406935
72007129389634
900720932354
69147084677261
72417662830484
3050565822657
5264949849711
55640822883807
33376329152653
68989081538297
84033309663337
71818818697802
9217236043892
67819874087481
92069676314624
27542743836334
91310056821832
39822139541488
73904129257343
73956831460258
44390136226840
73231562008302
19829524977395
33473885520597
32236921603748
32068691841176
49342387405957
53379742471965
17015352477572
75302985323224
82909530934826
44435524178003
47481577724962
67640842779308
46486452607763
62394718582861
60094062930540
93627338791857
13528983580339
62371697212071
70098521915969
48154532071905
9300652991837
46719607717258
25794005273532
42059239506121
25094481868708
35597867108866
58178315666625
53872598002233
8290024227002
22206738237368
58604849543070
15335940281622
18590221676581
58661542827057
77293057283613
10469181142299
72350757777178
63977650067483
65530565891597
88288182026179
83756606694088
79653197670050
874470664703
17307339100541
80181705916289
20866795536032
73258316647206
72420221446743
97896202283817
44481053039676
88361019176830
23192122949178
98552107250274
82280100478175
20418880757157
85599274158115
71716449600968
1273411159432
21972589031610
67685474201506
79532805932266
88856448665947
38631254453082
2100308094632
12718264765736
91212678117277
66510305916783
89532141870411
34867678954322
60131977668752
96075124135959
86442567907962
76210276336856
70480879595848
27839691619010
80295434504099
57721675278767
90003498156107
11140947161329
98592737651586
73947431456783
64839237234914
89972110844936
23071193077496
14810597784755
75847550101171
66767269782713
56887831561248
35532674142546
57783083585444
64622493908553
51334082988657
667006637374
48773454804913
60622377700497
17310645053646
19023241324214
71219562844530
42950013200611
48783205561562
43097142356988
50261191351576
52001093524077
17781059346663
55747748538307
96557951186533
70355058307315
86044678164190
21286580159289
64685684940690
22880805435895
74752951931488
84555649404427
7711757521632
27353620822062
61252695259013
58915122286199
60112416198397
42740646696532
57770187621784
78470206727347
91578465591357
94472199990891
6463568043377
42197165110774
17606246109614
72294293721402
4594975679001
16544503739147
80956253021528
43645586452885
20204939074073
11700100956440
80232750807856
79384228519954
41869819037382
84146395507966
32546182770892
56049830873959
72010677202537
49322831536494
34194861032908
71920427231511
82123505195172
36414612252767
70232389048303
13519727033756
97441137597047
76607219914518
49997481276256
88080009693370
83123369305438
31528917788036
44287209949303
74154485258618
23798764693305
12913464219569
1686619484585
20156769480733
88300318260788
82130320605
52535678930528
43948858216674
136760396094
9694120942563
52321836604831
99400737881922
70826482060192
66584924371464
19124485016681
68928196716728
83032315819696
18562427855600
19156462004878
42409269624868
22138559334637
40540573792507
18157496399452
47083368040948
19340529654936
2612559098438
16202851896746
16042013748200
6628278498111
93424444112773
39691132774172
98414151498093
31192039157479
12408885207551
61350322584189
52710028072167
71181513904934
5266037051044
57743142409049
84380966624955
75240033606702
13007938594839
40710194527091
42534858920626
86434438087858
36040871134611
77485621701761
57634984731098
45347958553362
49107608359391
62164208781070
53361782136632
31240269843628
85107137382730
78506164841004
84874299245753
24957234208092
32021318020167
31169256775016
92036592149489
32490720890499
37985178488862
79943902454906
3293015683590
95234579387666
76788822959864
90690234791354
78826076012415
87722084443599
69918153474594
65196600802049
32261977481883
87796497896758
25788315933983
72100627639190
9081840817399
55044937063601
69557871821483
25891143313740
77098458054646
94535324514082
2256421737534
51539884473937
58833306252095
31123729713356
45794346954164
89777705074513
40368224792191
30141186334005
61659072191623
19459687308678
29711963972099
35048988756741
37134427119247
98325791068519
70284345239846
67848175405907
9967475825202
23674632385861
84302549737239
15254998288531
11151483029139
23395969582011
96283421240974
158215029814
75102168206098
96669446390106
82015573737613
11585617187218
3372152934376
53927693446205
64832823424787
3896522666765
79387716069352
82526927907809
51817454050711
44684038424383
94921336840482
18955694772872
27389034522313
50192309953627
38556094668160
47762777616667
56934342336369
65372202824743
11274513368470
20330863232064
51788456436766
43091997989710
94693728551130
55147311530847
87258662074772
32495862351827
47493033113483
45484530427804
67133619193223
24368267171254
73701921825208
14931260766533
23301847151827
50359128574362
45047257690890
56991946044236
18898192592207
80961912738442
82869896409792
36507553266212
13002556087722
92872119894117
34060569420049
73642427870715
53571692151842
23503243180476
1979104392030
92218291366426
507659603557
6296527043588
81196369249133
55829804074535
63661629983959
6133579748740
17798460154182
87210130179853
97019325469833
75649216737354
4972355371874
52884036233642
71193580117795
12437554423154
49054883176709
30966922979080
34087909522856
28610298823234
32872767819930
15844558625720
53461956019592
99394677874548
36108787936546
54825521833295
21158585007416
31570660757527
64764233243825
85835906537742
5315549008753
81123596748683
10021705219157
76918257297896
28103082123792
53227093013189
69514110380809
49035538157310
25351095656596
50399995427619
42011761665415
8634430566388
54923579884981
37543126147420
71666420916744
78679484492648
82015945287243
99386234097949
90944897710558
80765825163346
5130354094654
63930578783325
53081976351351
6148032979052
59339037903680
21270433061092
84980087421896
77755978647681
70551817787603
84489970526524
22366284536345
62567515326434
23282575732539
38400645859073
75377260254163
70289410185946
14945717262577
87090096561957
518048265569
79469722429257
5181286627302
36810482135466
61791338123329
8864370272793
85654771927417
2526088569328
63040893023715
926848529101
13842598035317
26649940997756
58132834693180
25488878785185
93047100690886
54623518764669
72488097405197
73122180457017
45017733643261
7433226812435
92367260479301
59619451595482
84575263292288
80379415297623
48357853664558
9459009769232
53856866535609
56207344991963
75367062790002
88081488630385
77465012036949
93736893433164
86221147069937
51344322697227
39674417232236
75963914330602
36385444519013
41519444771059
31823732890662
74869627097348
29080358499282
2671324280644
3900405061639
98204230696466
8953657412988
40936172465008
71727634856094
44303149811415
59543186873853
56258586320780
4015346454861
30741648492875
37388476810069
20474474422188
86976268393259
41067471127126
88354021714986
10644057413548
56705872136182
34729206148014
33683705200831
50929433144214
95901489239667
59277017016256
57192663368451
36622720960869
57971531273311
18829009759233
61888108758078
21415890749350
57259550355751
2927021173616
36749013330427
74964746411152
94953351207095
21707311969153
68533177864971
71303578339163
46807379788173
62653856229503
15154859770727
48625321197682
68469612037082
82039824403208
86156970257207
99847928461663
14812019050043
18033714609922
34067820649369
96748227697687
9636401959229
80520330388376
68835495510290
54539557062959
35484739460633
69300618985115
15807926493259
53128898352400
14997510973895
26213779973965
8913922046322
31786178872890
83768438235797
95066698386887
14261642296413
61423799488303
41930438760064
91258792727129
31182589892340
89705309885842
52631991361486
8134227898158
74184358496570
28409039100429
12561302735004
2635124538955
52420732814692
15194554686402
4346943344804
48698038111379
5014746152580
41480595202716
28577203987843
842131904943
41088892890612
53250504796960
10683047816350
99267672591196
89223269466330
42257663759054
19102359476716
72877249651227
60108186812278
77086768337595
97738944084407
6777105995758
70496130025360
9054589328544
19502307453289
41653435964071
80366141600566
54406221093394
56079067438039
89970201340426
90806214816442
11496347069253
25797972670551
77887520499205
81737344381154
9164178397227
74150097842818
20758742176326
2311640289140
24158415632173
14644265108404
39774456802268
55560870792183
21856650784293
95286595502976
6228626874088
36837907995302
38956468090789
64179141282949
56538525711505
84947827857023
47188943557261
2515112970806
39041488095519
71219649540601
85491373621293
55204233279556
21612213863842
75929282684071
52040434167521
78431990951161
37859894235513
74370133175294
3684531666921
21471605435018
5582267544824
53335962651055
43532939437355
7775406722509
10156704219214
73986324993190
25252538168736
48139537243813
11343090586482
13537717391479
37350969025693
755717516754
25597999255912
22572697942683
21015774174493
27817888350033
99242752419314
99742762228462
63671884331318
73808918383748
66713371195031
66858789945507
49582724430485
82621964103980
28140826899951
3420044613152
78619544611272
88572421635188
47862726301510
57963093372898
53238656657068
55798986455361
92524403906505
75279664426001
90215122984666
18222748993702
2283275320544
59252092612353
38347684524527
49835170763131
83188942772324
12218426112148
86234172210793
98785797066561
26156585838480
56152042659568
24181824642762
55665698167208
55328138268127
73350509335806
8460977154578
56019136832789
40987109984811
65043546278124
24963207838765
45866651370110
54656936414710
34502339221648
27036057696729
80183295612312
11011613059618
97661617191192
16994688106771
44638433927810
71836548264359
40756767001672
30067877587147
30223822349437
68451563465320
27876876350683
41763942833713
26833016565553
91315598279080
46104841816207
44700955975282
22824064670467
30223835963362
27490498883383
11259292018976
60019630981285
95591115120874
43476171298460
43583936965966
21053971920495
89141039464184
71113566344773
27621394811150
998749459925
23595386500909
2377295927556
40906826146760
86539645203317
98701323956665
94705347223199
29354571920464
96776061529798
85361992543591
57676277671498
35048654771535
9246644710728
83549974212234
47006141609004
79363965191737
24117971478279
40356758276783
8929041476931
6513768441529
39050205934492
92725603283046
83858982914293
22422739427999
40806654659523
24549539576527
24251728469574
30997514933383
61718759690114
25255581049216
99554146406092
14867159582341
26953204630835
16686598481123
44301375651907
99404239917153
74523056539347
53674288374805
92179826020204
42022891680139
59601810192518
97395092511003
65966412487709
47525391680342
40111182423645
33733217338637
39707864333262
19051469345218
53704570348332
18710002846394
74050780798637
75719927195701
97823004026256
35222361989832
30048286388051
24164680783406
7591669310437
32644406082427
79514103297788
98009854510566
37784119475834
5998509718473
40249086962848
59266087906789
87389315965302
27765067484362
12952450490782
13646851716100
96672545481069
79611290769166
55833968203789
27546721676766
50629452116251
79257111432600
11476747691115
12730967185165
96167842680838
41814199761178
10637778695248
64101634152489
36216441671165
81830526484486
81818728167550
11272824562503
29072765961947
25276586516520
54231321821860
37589112752810
83050942231251
38628830139048
99645070512822
58450263979609
4441904141664
31355522789190
98988967631450
5675460093446
44915219762952
21335502915669
88715134187424
48218724031244
24371429091533
47593187959791
1845801757007
71856757367218
53101628546129
92282395500581
88370693997065
80833349277833
13908684069062
20182050489564
93261140426382
55743422320361
86826990076542
46499711665774
69218326994577
19261599586710
72827679192280
12122962140714
52420437847461
76300896746380
80169856783926
53436819944765
4320744023540
72576502295425
31456925938382
32391126655601
29195770033099
48962604369254
41616355598810
38270324930406
53162968509774
40488630773534
24075986858152
5230025179006
18391157608877
58150466184058
53252032569942
37663787332316
19995764647297
2516456438146
99224327672232
66241570868106
52896655385402
45541551057500
56357171973672
22113866551727
57855287860817
24370208339958
88996552581697
77465564542004
29660334115598
17182419306727
42687386226732
38205857878102
67199896074586
62409425444513
8307745293353
7378187885054
78500884585375
86691606914095
27360502230067
55614256693435
8446704320551
98094729712809
8290088873151
31326466638587
83713248575849
94471892726400
84303426644151
13285749643340
18701734493575
66271662984847
78428213400889
15584303344728
45509705927715
84056001777546
10447607830385
15187604290915
80743523629050
67964874834560
84530155058020
44379222431215
17802796691419
77662148858884
98918111054587
98259428394882
24234555327370
60124091654662
31254023881954
5655613188295
75352305021263
6247302476073
13048036066494
73926853177796
11405771216864
50581611199070
92394906089294
98275642328429
51488142569652
27633208988521
15550098689575
58036363077759
50781636894251
86538121471749
22757667035866
47565318329104
84453129260736
35189067728890
7685963755682
44280036296603
47599514208629
61094061575443
13667533369013
53668901745627
46187517371029
56209491603936
21085832063975
93728515270755
44161089283558
87544267154432
5469121274197
29373232022841
25678244902555
55534513854327
66467952544533
52899391960421
7820442154622
22196052840953
97818789398011
2156950001937
8046332275877
48946919075547
56040400299719
63015467227752
37854066176936
53130016377709
53144015578961
78902526664463
59941804757683
92431580800437
75154517792392
12384799029462
30381767022569
19398734549209
92407260521472
19419861971974
31341476291682
77412126619150
88048739086673
39331162479940
54945912786398
55977482067636
62562739938974
77715855462920
41898146884316
22972548535098
94094262995159
28496991381953
34208912036805
97368741958226
95059084549644
67870322361357
15177834998790
46387691475590
92220204757418
42888527392077
60060721378278
56477727386182
64418109851275
83076594330736
62782467335899
52647311487807
79086690981818
30939906842147
15812677868335
30847008521305
75165406180540
67735014453450
82493181022392
86329030198350
35487151669204
42536574675172
534175715636
82657656132523
38659924500081
14218000082602
64396063437068
46161774717991
91800519614891
73171854654988
99285734246055
43015950999787
35123067264763
71921973754422
36532214899958
37319938934885
21816417303547
4877495587261
7337114401014
45409313476990
90530228681102
54445045925131
39053540578150
4868695415845
23952809322216
36973909849992
93603855779019
72403457775699
52630332931342
44036166921156
30671879523307
17529921677800
20384940098950
1612571858933
33991576068583
20888992373690
13030570818954
39739656331581
12411701832285
21722809621505
18436703444167
72611521050082
99474828009740
79180134893291
67612558970218
50903980378607
41369394968884
17349377282923
45434113844498
92570756732333
38362437721300
50064921086391
10461878029282
88112457002371
96528078035099
91493715685579
97665733765862
62765576220465
26016530661500
27897167753359
28699001269249
25152646737830
59080013199423
88977307821283
92319256802424
40382843230772
16083534696585
97130519618532
15256055754493
87170788695745
42740048290279
52442429720757
90750575150245
22311329355537
7318405270671
2827881850628
93858396317364
29522916358336
26360819964729
99248055465121
72984392555437
75417202711552
98247281734530
12182386797302
38828679278232
52798757806222
68776585548614
80807887158251
61881805085409
48244335544146
37379044537246
66179146225373
69917670455600
38554629152662
98936510657018
41519218989243
75782724689012
89486073065142
33800840272640
48156479878919
55701976376181
70951095558536
50815427760400
97160545488021
53946653017827
23742700480722
87434884130782
68908014841863
91526802388317
32369866067133
68380548461494
84397837292514
7041545240255
17557333594995
73910294366953
91296012416799
41606026413743
47773000644560
43034184069149
13863695160473
11653863508460
75299060799641
17161811065812
77026510740633
27727700780982
81267650226603
69814799130067
76361688882188
4941528934483
15139141329020
59078678081666
77254315003048
5442477611762
35972341003659
41205317280258
75812059583689
67247863026653
52852402829835
21379497882082
4661667649990
14986117560653
4150412353424
54052938730878
26091999143872
99221243709935
28843356484939
66015839330957
82010915124629
80442140054435
42374565942722
32088468573933
88136286544604
95173990293663
96194997740357
38115866747586
71893496771376
95357401689116
52060068356602
12417417982179
26672812540936
48647725691557
93216348690473
45070928516230
30432225720564
89300414362926
20651908688494
4970155824223
87439144687779
3276847496867
41629197722725
4891914177757
61337567981728
4061155723910
86676566545782
72787261531644
58326152416615
80296273397839
51337843870279
41416036072476
56543551662366
36784182757233
36267770034534
47135208391011
3928509010106
7088434381016
54135928957106
55139410965948
50050872023406
49848283791266
9580228547816
40532306088483
70589502046368
28472511630940
75657285501853
63085184406546
48519580979658
93314227467507
93252797061226
84581960647840
3954436715025
76841503692961
16014158347440
26648310381189
31640634637860
51063262916869
32435801176647
65164248814880
99947543031772
34096012104141
30785229436321
2891693668982
46273240117568
8302009331758
7779761563337
53530647655014
40321510010959
23271023647787
22027823337716
74755042744714
3106037658598
28423679715041
62618750384505
41112418092726
72224473558826
5484444788052
40987228157742
10203410786013
68331232137934
20133557464420
52325718110754
64392900286756
43108091028431
42005847655471
79045853467655
64424233196983
36775810964922
57257628784722
94739446687958
23103393638895
52812081726700
10956447155166
41383701738728
10826154908487
62720319508907
66133186286850
36548064933164
2967393632656
90036684128129
34314639121580
35594033377830
65846960407646
62926682543751
50928794205330
45593835483519
88885096535850
70957776339015
73592496886096
19925019978072
34522464714587
61831692753218
51153151572405
59238952787974
60621371752413
73366484431071
80787138387758
82505735594970
9558451454419
4384099504523
6671787814007
33127499554438
48935724101710
66254220468945
6815487097047
38728869086397
32750697660838
18755924709338
84939931453067
97911017112434
80527737597321
42193287191391
57312770481507
31980998718231
87368079856973
98070531313616
97134589828459
19237162915523
24065851388376
92196913067166
20610130194204
23128979630545
41300525732031
91318304223995
14358476452993
55572774960226
79407253763896
12882244939452
87487684820747
58454148543864
91972020536913
1749204383523
11377123826509
78254003113726
88992908018119
75309313451117
17328522933351
61140707100622
59642502436272
64214398418020
17302608830202
40906447169637
9465652156486
67206771388030
41000460891777
92503598250566
17311477026364
22297892681207
37366023847845
95102057853601
90125325387775
29351078941361
40902545394989
16872338134150
64116746689491
59415409641795
67168013541767
81574444374055
15732851814521
25488880486216
15088102187488
28005082684610
31634455358417
12555175865817
54560544701216
23403348493448
54506218658294
55855074730221
2301353357066
77957587465114
3393550993499
25329179407313
8642546822958
90224250353689
66533753888482
94820072758750
92798187997540
27641669618368
56787150787258
74330664195355
95552485133674
77716379232657
51944655786335
95129527614444
51759648032840
97235121025011
34376770636127
59965041425644
65400020836710
38381825685324
95627970378755
23691843170641
97493485639374
6182180738316
47647575462299
11901101077593
19852434601178
62096496476804
80576520832801
86500373840728
66876364491438
69711190167913
64973517736676
1874075687477
81888697217556
23371893700635
90001564903754
32482051099924
15869548335415
55959486807656
27424680667615
13219941149230
32092429822887
21574088777368
84496599840731
3934270763123
17041243375941
86554648538043
43529241096753
11693413843787
25256575126464
81854113376591
7038088552349
58385553025643
69590815635027
24605313999242
16907965506933
41796409538073
56636801510799
11523721975963
36776424894561
20443251247318
83580853305980
16417276625598
27869108514185
83208573753696
47030567755418
44042309297202
28036028147340
77420758951423
57641586069175
49065591195203
92087280382530
50451263844029
57900307156702
69216439382513
41738525106234
37102880963129
64719829282920
26828367214949
87292620464548
98419796462813
41328490905011
79430107686885
48049026036168
4965741328077
37433842451465
83888124482087
72375774762793
62486295839119
19485684732167
97202203446123
23915825724820
65518046528308
18954208042517
64980472679814
74048697969306
86941665575484
50613276210128
82560554790308
4357384000047
91796145900765
33937856354553
72494174491444
60889797309435
77718593370037
73459530122442
56480593571371
62976463293162
52956118316570
11761972362380
12579070412571
51876399156896
72871962010858
88933678317967
65978952790332
13192427394980
88750563989821
70160886930704
88213455880982
22586612721832
79214397824100
55279897202412
96201494390335
95692747722066
93783338658425
36215342369876
48467276278237
6135794931191
90271565069970
14760151848764
74172935844101
38793348119726
40938132622512
54030356256944
34695791554778
40383366687398
15643862963886
9105199180864
8685650023659
49617220483374
7850635042612
66115453901066
1294908179727
93193654880834
39161491952527
81613480992814
86801893917133
22433421468624
8853202876273
23897819695586
31716727968338
48084606041717
11007184609057
62394557287377
40098981282082
85052696102097
53377897728069
13472276193358
52148232271819
35220944133781
16593677178094
83914535482662
65642263392135
36380719889300
74839508117141
58294695319346
50711424275713
47009728303215
76916441246195
81154033396137
3022478467333
72400595547842
49983557684674
79033563112774
63153055472728
1506793394390
42079178790441
96337985687394
41484491309113
70757420399429
43977482689342
91925590297117
45719410338444
86174644576900
86203919488132
61201324873180
30378989766174
1189097463232
32397248216617
28993139417774
24373133781347
6462141450821
57279131750453
9396011083322
35605280834141
94427020516864
68306335508095
45608573718866
56348705587579
43598797171413
51188037813624
86015054240342
80821358175228
17299044149566
97983609155877
59981735740700
50975576380605
26272136241829
66181871925227
48128156732179
10617176356622
81407583957953
46994690142854
95091679151812
65132212636129
54176051559184
13148922247176
28189534306745
5179922105336
68183081991070
80105251688095
83174433286110
58463196371140
4221048999446
22406594302184
70219830889458
2262334201868
75966408751855
54560771557288
25266043968914
45831504834508
5814936084265
12341334050577
21168066355497
42717600118191
83628182724068
77040647105792
42602528922249
72273435719749
45080242159450
22204242376246
41929253881940
59199755714518
63877995704735
3558915152645
95702762769983
3171425919774
17834393200984
40332614567200
18130268033756
52542858846635
41488749330191
82344530146193
201659324630
962266774267
1312118511524
56496909531958
70454056963723
29949480878666
62183808853054
94818542796339
56427787328363
30899780055823
58851091205915
6798861539957
8252243310459
65015778714800
37694431682990
17955423318690
98390649405393
2834529072702
60614243598637
42052475493580
67509232480107
1000663251218
64348078062872
86296326494565
67990927414738
92082922244595
70656620618155
91909218052021
46251637950777
32083700034632
42998371158734
1723126081074
27969076192897
59095762433854
70606487493193
52869052308421
14409087351775
4452561415860
71212574091361
19579779701971
88627806010825
19059394410585
6547691505207
28239961384833
83899320988941
78486367114677
7588471145796
960460932751
16074998690853
866940561021
18562235532795
78003088555630
41612732019058
22262452041033
73056756312332
36400321339113
5092572151006
15343376346155
35138621701947
95036239637833
64122921527837
73460824791771
66885519050483
57892766676421
96504027495456
83365734087433
64581622615626
81953172116227
99804870846158
21783653162563
1309882054362
4702822319211
49113182237300
95606346296527
80464534742793
45605966776182
66948056275903
43678867701414
500029798246
29094681697985
88788147468282
99663388002565
41509849235322
71087217258870
70378362450441
89769616045697
96483739017959
46748656288777
27694141298152
92922044330038
79855526036023
85944676700894
7936233193557
84260127121431
96426547838826
42684970652863
40482136665873
62966111018450
39009754012251
54083352733972
79180607260227
38067129444817
60236994846136
37892884112769
53209076872223
74811886988711
50066270708460
42292445219393
1039924992781
46384248380377
38720422436366
27660603405024
55003119594450
80717101305349
41099005549925
57712727336679
57891761135020
29390756961720
7683153270521
58303037017874
15537846382487
49334793476527
69364242324499
80378652688944
38050512428362
69802131575128
40877430864885
97980061523609
98475504901757
85671266729333
3874082830370
93481425570639
20643962656418
59929915378308
7804700941997
24845290903440
92011677780654
15284750987708
93202019612807
78276366493006
88444101041895
25093696333479
525236264715
633276657549
36884532978637
23256073442734
25720591282285
39540325533145
54205959064821
55964469129022
49983995428790
6040211147379
21752588443539
75408854139026
67319512194960
83331537238243
47756328307502
63157137911742
34776649167531
76800517184501
64656044517743
32130293233023
11267876295548
73634794936269
9498110886441
13700949567747
2900233453929
17606411763287
5047200617630
62012686443172
3609224740714
43441007731833
63066252965659
74810975269556
66770793823018
33699421794654
46593246419542
58542204709588
82579457992383
24520358497707
65207638856780
88883691306885
53080408080914
67619620376359
44430758831058
63185609497103
12047992258441
79032937017317
63592007792977
81903347918973
61347630883948
80658921936873
29283454546145
20448599186250
19695607136094
66253029141815
6309001816167
43472194079405
73375053309411
5807907771637
26075464637640
47064001264065
95769282361850
63984981359358
23746201027140
1732630962663
967491813542
57623662084364
36016586709662
92077323824320
854767752197
27738421909520
50530928812679
93976971731162
67521770539358
99230577201017
84319493855535
72255884100055
87988340225439
22624113079474
83622838990271
51178303056222
80767901208000
79357109243899
28767838593198
62872429409682
25210869489365
62536198563779
1923686479756
29620857378385
78900739357773
4677607606740
96984566470762
97808774887718
96200303284919
10561784265417
75766672631681
97264005389663
5366448655354
1629579770314
49054532837029
93376844072123
26793428510074
24353606463866
74731312412938
34611731177214
45369425230299
45934309398518
61568678016135
89689277165897
82606315799430
91034617859179
7079780739535
72233512984584
23491734836083
94583629879234
46386401835712
81390736820928
62955808219848
11212428447300
86714360299602
72858700504788
77198492833839
26154687817507
67115001520667
61548723178629
66097108463525
68762187406314
85925450050719
34977417560798
23499635186650
43043299207479
30231603115457
34723124039217
62792959527485
52464270083929
15734862320932
31074428717136
3314965310737
42969947241812
5286331383501
93948291772974
63245932550538
65521879019922
39925361094395
85150020402361
31268999184745
44508918780037
56683292405087
59103400057423
49552506772232
45553175052704
67925545597206
75999023068620
43192950442609
21659848545379
18276325213796
83321060262903
18115506550403
95753263437806
11145380968544
70316489339153
52242666092990
63607501352938
24851105711619
69268601924928
78376119649041
84963963946186
8440827269647
93815341115671
45296859345504
58699258913108
5995981237027
80598826548738
20807598794108
17923815331716
34456017489751
72891229008060
81757733556986
24915994079147
90063221023565
75716501127125
93043391969233
35863844362997
46871588716459
51077384175544
89468223429063
42019270195301
28902919590679
50366102167562
65603322017554
466698540984
90137297492434
54247246916612
2810903734132
7787064446472
74764104810571
88582827176139
70743196720420
31748636158393
63526616491282
43499775651871
75234586638971
16396984241850
60669957994013
80746637595717
36123575153536
35024079445009
96971368259822
21453274935197
99532942431635
2800383155312
7051269164099
92180698461781
24991567410878
50151396058280
61310467613559
36911116339923
84588688805447
17243980007691
74389325907145
84480292085410
67251708526393
75407011170697
91623108924743
59879888979892
7351707728067
76148248862858
39919091678874
2820960293192
22930152445094
32371827840153
20427231410488
74807577639982
61757972615458
85692533476702
72037117841277
28818705325714
14675041057496
97880758299830
32350994687389
81615445825582
32883622222105
33558839918996
97370793572937
47938690322318
82590176992826
50949755758673
9046674028506
75855379029966
89834861051836
23551701605936
42224576816722
70924580040294
62553734625757
1455672148386
1951741467312
22546112270093
73735402338251
85880727231018
12496763053844
42003745999510
25326733564312
29129657956834
3297591939422
55644104198959
18314468404951
77394516577024
77412657892874
36881696278779
57080160525781
77800874114798
89799088468969
53182578927648
73499000570989
84105089570695
45012606273339
64752641492822
6463647197430
72750159037703
83581634830347
82240987212161
61347281071637
7624581498965
83067855332774
13838868827069
53822170974247
25218819352662
80510029611948
17456906404928
259018875871
27458531441643
3627884400450
51947664983291
58512142687028
52595367200559
81026955614346
57546136922609
18665690895824
68296128895586
29456589236566
5385028371615
24497982283291
23093909472881
40642211178956
86981078690479
40328021798864
13687054856727
26641947465660
48603997380040
73445923276264
61154787193703
35042966279207
69564022856827
8641890199842
14980317426659
68075847858995
33282609131685
68866255858332
85506522380883
35512530589688
54530524077331
62821519226735
1071656237520
21200045340636
81158853703041
93319561197108
8628285455061
32230981933147
47463482201339
60184811060418
71497993231307
94020363652619
76624130349664
26277399089165
79011232555454
60185475750693
19437948750206
23478022612280
65144887173610
6089938363601
42151381640853
82347888895290
15613919600961
1910357754621
89323276932405
62877157344866
21551126797302
33925368756795
52664913534125
15861800055133
97092539406303
31308763103133
33239059474645
86990991089026
46882355110066
8614070414818
21960493475032
29995974353401
6823350483179
49337092481912
52319160938572
38473060254658
2797559054359
36393335575078
45068172513479
8814959497775
58593860573296
50659765547499
60818368734778
50640903118732
18837724848712
53776812042133
84274476970810
37932574241409
38670016983928
89994869856001
39074085293430
37413292285547
31626173540837
96644733674231
36540459310542
66604718413092
63759349196567
94056096326512
7442429278569
22216070670258
30487350940049
57735685352962
75855248220294
51431968602561
59292793908242
80658972746605
57470780700031
16835183195130
69123083131956
99836151146143
53288646098567
75714695657953
55260486327897
99140177172488
15076600505143
67373665777415
80454827594616
67415432988826
64655797556470
92001255789670
151023601999
16031603909262
38123935828988
27342817216423
48922539029603
99317652829391
76847181545106
45135329587598
49259986791880
74305290186342
85186458234153
83132629559238
91249734925445
23446548151834
10917481638108
53247324973842
25642716495603
56169351409326
49332129556159
22992713212474
66246682585613
14754114172700
414429764172
96468982510079
74267093847340
28895238534334
7290515950806
78383794018440
35416099380100
50032750715270
29071154711065
91674196227112
48594950539499
87225298148054
84406236021502
76338165664151
70561903314418
4529763748616
11809917321292
92939160599315
69937718139797
88603468440099
18083200214819
77893929105044
24359262480235
97188429798896
35142463184015
97919743503371
62934698842365
23025653068707
38711637412386
82598352318381
85169986200046
45189696115075
74699365781855
90697716734762
11695643042502
53008557387619
59588099813817
64553830053997
3011563058762
8748331220739
76075223322095
73041789699289
41196253685143
89660170027251
53672478335528
38317318449210
59624426958526
75258817287865
19520049200928
87544499135674
72337871454187
38858160809
34664799943812
67370751244079
25885644829220
33596965218206
95627565752928
34232173956361
20462852882177
51151059309498
25657545677431
23206442835488
80541669211377
37288955243478
73007999516492
4351563129623
41465399468362
35452764196521
34620480084477
61602015060966
35319783920964
63206064287904
38487632163259
55689012601613
65301292787061
64786442246205
19601858493041
22349410333145
50384778627283
4750927888287
78583809346484
85020719700739
98573362046437
76366125415507
39938465833185
10537959749525
76920673903150
62387833470209
43895082096924
53903831869140
24201909012884
73211207799706
82102430340838
12254700370079
94926433202842
66857130942283
5325251509861
65959819679127
54638709144786
2878549931349
96799313507987
8400931937706
98201482824899
69245461319451
77077385669470
23955918116737
25130604411470
78875364109589
4606473993784
88308979508362
67426650642251
962915865743
57876192636667
82486663054961
51990269792876
21478741817212
18261171258407
82276260625633
62286148040271
83767477574260
86521455508661
35838858752692
4804062639063
90481828074592
8027426840498
28988643501938
17003475360981
545625830003
62922381369797
99782545527963
61757404167804
37440999465285
76935577451774
60140877057791
68703208531936
18386695451285
70599691402893
33993070708455
37691749948255
90661496645376
41262950461482
23401074026570
99836820758239
43107015885297
7484912936218
75639526581200
53499960266264
97440210843450
7324686606514
42603735086695
23293194384506
94403156162076
67739953015585
34278777707911
31336684412284
18507597146615
42725119549728
55829112865893
52141789572521
92277163893378
37439090184494
13660261821629
6915768287694
83270706947203
4352014445765
80472638592132
61296024129492
14704975958045
25073128171006
2602332265872
41925576844718
96520253823561
67997735865336
270826095971
80158541832264
86781744219015
15184436257618
54899496843670
42683553122252
32066981880125
88672765005600
20070225407755
60361555590917
88399960616344
59772582636078
81690707173998
36552847961111
99540441720175
79856406173603
23325541070976
12591798779597
24922033927520
29206933942947
63958503763560
63617128362635
60248677319045
94047465260856
10038576660146
51646035607769
6974701334281
19880946710366
23557341402493
39493085239842
20523300050926
80199378926033
97887625692051
71482313862480
64809245497531
67964613305984
16471233236504
71880212463434
33403835843852
45392612361709
22479843520624
25196202529466
5341982549492
64318323025708
36756888459709
3139213099189
55515761282005
71037330928107
6692705670789
9806104107797
22773836029132
8691725933672
15572396328859
58158779197261
73624750106732
83365780201652
16063404206634
51498525216403
50934950126299
5393345480248
42107277363109
57739970418728
30727040978839
81996079047208
63277688471668
42909647832770
44149137387213
23567486500185
17272627458925
99459896685093
84955170280752
28069721977222
72699262589507
3389252488077
494204411128
68269200741023
20356272457182
42531184603349
22090048324353
83552374448620
37353513031005
11661311072958
49140476120850
87304993055830
99470294624580
28757168578869
28400342839294
55072191395342
64542567479052
11899468153436
82084217326319
48656417641199
73452680201887
83133064443790
55262573873988
63032143758291
81971790153091
19976279684236
64054457474331
10953417458619
10975214029589
72234655142760
71530099238003
62223740179880
8919095721120
27437326856469
56754996443415
4788232216536
53423761174931
94367561631242
83205681716713
60556776369545
30339545421020
37905843681286
88213233471507
15098132539238
2843535181471
17941339850
42170231125381
12094203277182
12665830095053
24279330941756
5748999302163
88106291009936
46353891631315
84633103803973
35792399348153
223145903546
92828378220085
49712353840048
74680762369867
39248857569792
43460553189169
4585219777673
46672060603300
76507192574269
2630399022296
22747486160646
65696740088171
99503343738416
56501546397216
88775652020221
232735393471
92974135337988
96641425577340
71565702822903
53571718732500
66466802829595
13003981212042
55431913221261
57486891857548
31306857345554
7135771715041
24053043650166
12951097877835
83148471990438
41179740806632
30119772544759
96460875950797
22306062743299
47316394222810
69444821039476
91824782465472
83366514784073
68760262955298
15495944098167
39743941798707
87694430289511
26190034428607
14415173763777
32550438837084
41581183937945
51413649100637
64128839871260
59115633903732
10082301592709
78300117406149
28344391570172
58945658167213
25557526682395
96506624678200
19475737191490
99426644045689
58122858973493
64853459912332
600180774090
52636175031275
55430225440442
79757926459921
28737473576791
3241346179620
62678431229769
52083753527331
69119672950950
73254588361596
60422505951029
5790950050845
56096117172561
36848009052590
33651506655673
4585377955459
83164036748277
14746362993230
39987658040871
8825021828863
15444587599211
96592433053533
82072003739752
48965511225826
48977937503375
76135341229160
37085491019279
20862325072868
7420084306975
73442544728073
48973737240039
21060554413719
17289582780924
54465846503052
36721097976330
36671851567941
25111379357443
69677231969178
3032569872231
25270406848189
3376969410083
1482767447391
95759387346588
66291445531686
91404654453706
49599346138888
72754760183544
81045879305824
28022021727857
71523168825128
41315847896379
2970519244046
82382355109135
40461380579429
80381522252026
26954483939184
95437191867847
56617579075145
85744109932985
5364671237048
7989521269589
63077459083038
58285886056747
40882526525510
67936581650824
71230884706824
4955386147094
18688708775258
43324451736417
35154116433442
8341458199451
94238874145856
98052689682615
23065369613815
54829898520135
38893762332880
43574056279133
57423933547979
57005109286454
90231741676783
92968401645976
31261823120194
40030709522357
82164839118032
5898924205294
25531734034869
42796775219704
45391252443360
77682483988845
45002291102235
71823957735988
92984310372416
72660638303831
95865132049900
5564982452114
72776854577295
65081831681094
53076250074931
22825660804966
60484794664973
93234394995537
46755888164464
88849775783004
87479987672568
6392396404750
26429667606666
78743204901767
82387806285801
44467533376508
9036087758755
88469749185108
21504996703499
41628514050788
31555753582252
65485844021309
438366902117
4583297017839
25001275153643
67151043936942
48494507822619
27343214929617
4829395225287
17269280772014
19020575770057
85075497405652
86823344145105
1693910633908
59078667218436
49120790986284
73799199909506
78786905825756
53435163210603
99761907729108
665288947208
92119704472039
86016648354766
2730606520976
43087713239482
19602144878656
22160301305747
51083926918547
40651356265784
36445269334467
12399489430364
37262449547270
60619431910636
72216564314599
14020630935309
74337259296256
33165505611259
18873905030449
53493072279515
